esquerda: -25.429342, -49.389163
direita: -25.472289, -49.185324
cima: -25.346814, -49.271873
baixo: -25.645500, -49.355590
